grid_points -> 4
rays_per_light -> 10,000
xstart -> 0
xstep -> extents[0] / grid_points
ystep -> extents[1] / grid_points
ystart -> 0 - extents[0] / 2

Location                    , Re-emit 1x, Re-emit 2x, Re-emit 3x, Re-emit 4x+, PV-cell count
000.0000 005.9551 012.9980),       2815,       2652,       1766,        2211,            60
000.0000 001.7884 012.9980),       2869,       2595,       1789,        2187,            63
000.0000 002.3782 012.9980),       2811,       2622,       1799,        2235,            61
000.0000 006.5449 012.9980),       2779,       2705,       1791,        2204,            42
002.9776 005.9551 012.9980),       2835,       2659,       1730,        2195,            53
002.9776 001.7884 012.9980),       2865,       2594,       1793,        2186,            69
002.9776 002.3782 012.9980),       2719,       2731,       1787,        2205,            54
002.9776 006.5449 012.9980),       2787,       2693,       1825,        2133,            36
005.9551 005.9551 012.9980),       2938,       2691,       1779,        2048,            52
005.9551 001.7884 012.9980),       2839,       2685,       1810,        2130,            55
005.9551 002.3782 012.9980),       2898,       2583,       1769,        2190,            52
005.9551 006.5449 012.9980),       2934,       2666,       1796,        2082,            44
008.9327 005.9551 012.9980),       2891,       2704,       1731,        2135,            30
008.9327 001.7884 012.9980),       2863,       2677,       1808,        2099,            44
008.9327 002.3782 012.9980),       2940,       2628,       1728,        2163,            40
008.9327 006.5449 012.9980),       2908,       2723,       1808,        2023,            35

Total counted at PV cell faces: 790
Total rays emited: 160000
