grid_points -> 4
rays_per_light -> 10,000
xstart -> extents[0] / 3
xstep -> extents[0] / (grid_points * 3/2)
ystep -> extents[1] / grid_points
ystart -> 0 - extents[0] / 2

Location                    , Re-emit 1x, Re-emit 2x, Re-emit 3x, Re-emit 4x+, PV-cell count
003.6784 005.5177 013.5039),       2846,       2643,       1737,        2248,            61
003.6784 001.3510 013.5039),       2746,       2689,       1739,        2304,            44
003.6784 002.8157 013.5039),       2709,       2734,       1826,        2168,            34
003.6784 006.9823 013.5039),       2839,       2777,       1698,        2157,            34
005.5177 005.5177 013.5039),       2868,       2668,       1733,        2176,            41
005.5177 001.3510 013.5039),       2893,       2696,       1738,        2147,            54
005.5177 002.8157 013.5039),       2806,       2686,       1777,        2174,            53
005.5177 006.9823 013.5039),       2894,       2658,       1813,        2102,            48
007.3569 005.5177 013.5039),       2929,       2671,       1705,        2157,            32
007.3569 001.3510 013.5039),       2863,       2659,       1818,        2128,            50
007.3569 002.8157 013.5039),       2830,       2670,       1799,        2126,            60
007.3569 006.9823 013.5039),       2877,       2665,       1820,        2088,            42
009.1961 005.5177 013.5039),       2895,       2600,       1857,        2118,            28
009.1961 001.3510 013.5039),       2975,       2618,       1757,        2079,            36
009.1961 002.8157 013.5039),       2872,       2750,       1815,        2049,            31
009.1961 006.9823 013.5039),       2958,       2750,       1718,        2046,            31

Total counted at PV cell faces: 679
Total rays emited: 160000
