grid_points -> 4
rays_per_light -> 10,000
xstart -> extents[0] / 1.8
xstep -> extents[0] / (grid_points * 2.2)
ystep -> extents[1] / grid_points
ystart -> 0 - extents[0] / 1.5

Location                    , Re-emit 1x, Re-emit 2x, Re-emit 3x, Re-emit 4x+, PV-cell count
005.6447 006.7736 014.0097),       2848,       2701,       1776,        2135,            45
005.6447 002.6070 014.0097),       2875,       2614,       1848,        2138,            57
005.6447 001.5597 014.0097),       2830,       2534,       1886,        2206,            50
005.6447 005.7264 014.0097),       2945,       2576,       1782,        2180,            46
006.7993 006.7736 014.0097),       2981,       2606,       1754,        2105,            38
006.7993 002.6070 014.0097),       2889,       2689,       1720,        2151,            42
006.7993 001.5597 014.0097),       2909,       2667,       1776,        2085,            49
006.7993 005.7264 014.0097),       2914,       2773,       1758,        2031,            43
007.9539 006.7736 014.0097),       2890,       2675,       1790,        2105,            27
007.9539 002.6070 014.0097),       2954,       2624,       1788,        2084,            42
007.9539 001.5597 014.0097),       2917,       2627,       1711,        2222,            38
007.9539 005.7264 014.0097),       2880,       2677,       1730,        2145,            30
009.1085 006.7736 014.0097),       2975,       2703,       1758,        2043,            22
009.1085 002.6070 014.0097),       2874,       2769,       1705,        2107,            26
009.1085 001.5597 014.0097),       2968,       2709,       1731,        2060,            40
009.1085 005.7264 014.0097),       2946,       2648,       1732,        2142,            38

Total counted at PV cell faces: 633
Total rays emited: 160000
